=== Solver Results ===
Solver used: max
Problem Type: Primal Simplex Algorithm
Objective Function: Z = + 2x1 + 3x2 + 3x3 + 5x4 + 2x5 + 4x6
Constraints:
+11x1 +8x2 +6x3 +14x4 +10x5 +10x6 <= 40.000
+1x1 +0x2 +0x3 +0x4 +0x5 +0x6 +0x7 +1x8 +0x9 <= 1.000
+0x1 +1x2 +0x3 +0x4 +0x5 +0x6 +0x7 +1x8 +0x9 <= 1.000
+0x1 +0x2 +1x3 +0x4 +0x5 +0x6 +0x7 +1x8 +0x9 <= 1.000
+0x1 +0x2 +0x3 +1x4 +0x5 +0x6 +0x7 +1x8 +0x9 <= 1.000
+0x1 +0x2 +0x3 +0x4 +1x5 +0x6 +0x7 +1x8 +0x9 <= 1.000
+0x1 +0x2 +0x3 +0x4 +0x5 +1x6 +0x7 +1x8 +0x9 <= 1.000
Sign Restrictions:
bin bin bin bin bin bin

=== Iteration Snapshots ===

Initial Tableau:
--------------------------------------------------------------------------------
Table	x1	x2	x3	x4	x5	x6	t1	t2	t3	t4	t5	t6	t7	RHS
Z	-2.000	-3.000	-3.000	-5.000	-2.000	-4.000	0.000	0.000	0.000	0.000	0.000	0.000	0.000	0.000	
1	11.000	8.000	6.000	14.000	10.000	10.000	1.000	0.000	0.000	0.000	0.000	0.000	0.000	40.000	
2	1.000	0.000	0.000	0.000	0.000	0.000	0.000	1.000	0.000	0.000	0.000	0.000	0.000	1.000	
3	0.000	1.000	0.000	0.000	0.000	0.000	0.000	0.000	1.000	0.000	0.000	0.000	0.000	1.000	
4	0.000	0.000	1.000	0.000	0.000	0.000	0.000	0.000	0.000	1.000	0.000	0.000	0.000	1.000	
5	0.000	0.000	0.000	1.000	0.000	0.000	0.000	0.000	0.000	0.000	1.000	0.000	0.000	1.000	
6	0.000	0.000	0.000	0.000	1.000	0.000	0.000	0.000	0.000	0.000	0.000	1.000	0.000	1.000	
7	0.000	0.000	0.000	0.000	0.000	1.000	0.000	0.000	0.000	0.000	0.000	0.000	1.000	1.000	

-------------------------------------------------------------------------------------

Iteration 1 - After pivot:
--------------------------------------------------------------------------------
Table	x1	x2	x3	x4	x5	x6	t1	t2	t3	t4	t5	t6	t7	RHS
Z	-2.000	-3.000	-3.000	0.000	-2.000	-4.000	0.000	0.000	0.000	0.000	5.000	0.000	0.000	5.000	
1	11.000	8.000	6.000	0.000	10.000	10.000	1.000	0.000	0.000	0.000	-14.000	0.000	0.000	26.000	
2	1.000	0.000	0.000	0.000	0.000	0.000	0.000	1.000	0.000	0.000	0.000	0.000	0.000	1.000	
3	0.000	1.000	0.000	0.000	0.000	0.000	0.000	0.000	1.000	0.000	0.000	0.000	0.000	1.000	
4	0.000	0.000	1.000	0.000	0.000	0.000	0.000	0.000	0.000	1.000	0.000	0.000	0.000	1.000	
5	0.000	0.000	0.000	1.000	0.000	0.000	0.000	0.000	0.000	0.000	1.000	0.000	0.000	1.000	
6	0.000	0.000	0.000	0.000	1.000	0.000	0.000	0.000	0.000	0.000	0.000	1.000	0.000	1.000	
7	0.000	0.000	0.000	0.000	0.000	1.000	0.000	0.000	0.000	0.000	0.000	0.000	1.000	1.000	

-------------------------------------------------------------------------------------

Iteration 2 - After pivot:
--------------------------------------------------------------------------------
Table	x1	x2	x3	x4	x5	x6	t1	t2	t3	t4	t5	t6	t7	RHS
Z	-2.000	-3.000	-3.000	0.000	-2.000	0.000	0.000	0.000	0.000	0.000	5.000	0.000	4.000	9.000	
1	11.000	8.000	6.000	0.000	10.000	0.000	1.000	0.000	0.000	0.000	-14.000	0.000	-10.000	16.000	
2	1.000	0.000	0.000	0.000	0.000	0.000	0.000	1.000	0.000	0.000	0.000	0.000	0.000	1.000	
3	0.000	1.000	0.000	0.000	0.000	0.000	0.000	0.000	1.000	0.000	0.000	0.000	0.000	1.000	
4	0.000	0.000	1.000	0.000	0.000	0.000	0.000	0.000	0.000	1.000	0.000	0.000	0.000	1.000	
5	0.000	0.000	0.000	1.000	0.000	0.000	0.000	0.000	0.000	0.000	1.000	0.000	0.000	1.000	
6	0.000	0.000	0.000	0.000	1.000	0.000	0.000	0.000	0.000	0.000	0.000	1.000	0.000	1.000	
7	0.000	0.000	0.000	0.000	0.000	1.000	0.000	0.000	0.000	0.000	0.000	0.000	1.000	1.000	

-------------------------------------------------------------------------------------

Iteration 3 - After pivot:
--------------------------------------------------------------------------------
Table	x1	x2	x3	x4	x5	x6	t1	t2	t3	t4	t5	t6	t7	RHS
Z	-2.000	0.000	-3.000	0.000	-2.000	0.000	0.000	0.000	3.000	0.000	5.000	0.000	4.000	12.000	
1	11.000	0.000	6.000	0.000	10.000	0.000	1.000	0.000	-8.000	0.000	-14.000	0.000	-10.000	8.000	
2	1.000	0.000	0.000	0.000	0.000	0.000	0.000	1.000	0.000	0.000	0.000	0.000	0.000	1.000	
3	0.000	1.000	0.000	0.000	0.000	0.000	0.000	0.000	1.000	0.000	0.000	0.000	0.000	1.000	
4	0.000	0.000	1.000	0.000	0.000	0.000	0.000	0.000	0.000	1.000	0.000	0.000	0.000	1.000	
5	0.000	0.000	0.000	1.000	0.000	0.000	0.000	0.000	0.000	0.000	1.000	0.000	0.000	1.000	
6	0.000	0.000	0.000	0.000	1.000	0.000	0.000	0.000	0.000	0.000	0.000	1.000	0.000	1.000	
7	0.000	0.000	0.000	0.000	0.000	1.000	0.000	0.000	0.000	0.000	0.000	0.000	1.000	1.000	

-------------------------------------------------------------------------------------

Iteration 4 - After pivot:
--------------------------------------------------------------------------------
Table	x1	x2	x3	x4	x5	x6	t1	t2	t3	t4	t5	t6	t7	RHS
Z	-2.000	0.000	0.000	0.000	-2.000	0.000	0.000	0.000	3.000	3.000	5.000	0.000	4.000	15.000	
1	11.000	0.000	0.000	0.000	10.000	0.000	1.000	0.000	-8.000	-6.000	-14.000	0.000	-10.000	2.000	
2	1.000	0.000	0.000	0.000	0.000	0.000	0.000	1.000	0.000	0.000	0.000	0.000	0.000	1.000	
3	0.000	1.000	0.000	0.000	0.000	0.000	0.000	0.000	1.000	0.000	0.000	0.000	0.000	1.000	
4	0.000	0.000	1.000	0.000	0.000	0.000	0.000	0.000	0.000	1.000	0.000	0.000	0.000	1.000	
5	0.000	0.000	0.000	1.000	0.000	0.000	0.000	0.000	0.000	0.000	1.000	0.000	0.000	1.000	
6	0.000	0.000	0.000	0.000	1.000	0.000	0.000	0.000	0.000	0.000	0.000	1.000	0.000	1.000	
7	0.000	0.000	0.000	0.000	0.000	1.000	0.000	0.000	0.000	0.000	0.000	0.000	1.000	1.000	

-------------------------------------------------------------------------------------

Iteration 5 - After pivot:
--------------------------------------------------------------------------------
Table	x1	x2	x3	x4	x5	x6	t1	t2	t3	t4	t5	t6	t7	RHS
Z	0.000	0.000	0.000	0.000	-0.182	0.000	0.182	0.000	1.545	1.909	2.455	0.000	2.182	15.364	
1	1.000	0.000	0.000	0.000	0.909	0.000	0.091	0.000	-0.727	-0.545	-1.273	0.000	-0.909	0.182	
2	0.000	0.000	0.000	0.000	-0.909	0.000	-0.091	1.000	0.727	0.545	1.273	0.000	0.909	0.818	
3	0.000	1.000	0.000	0.000	0.000	0.000	0.000	0.000	1.000	0.000	0.000	0.000	0.000	1.000	
4	0.000	0.000	1.000	0.000	0.000	0.000	0.000	0.000	0.000	1.000	0.000	0.000	0.000	1.000	
5	0.000	0.000	0.000	1.000	0.000	0.000	0.000	0.000	0.000	0.000	1.000	0.000	0.000	1.000	
6	0.000	0.000	0.000	0.000	1.000	0.000	0.000	0.000	0.000	0.000	0.000	1.000	0.000	1.000	
7	0.000	0.000	0.000	0.000	0.000	1.000	0.000	0.000	0.000	0.000	0.000	0.000	1.000	1.000	

-------------------------------------------------------------------------------------

Iteration 6 - After pivot:
--------------------------------------------------------------------------------
Table	x1	x2	x3	x4	x5	x6	t1	t2	t3	t4	t5	t6	t7	RHS
Z	0.200	0.000	0.000	0.000	0.000	0.000	0.200	0.000	1.400	1.800	2.200	0.000	2.000	15.400	
1	1.100	0.000	0.000	0.000	1.000	0.000	0.100	0.000	-0.800	-0.600	-1.400	0.000	-1.000	0.200	
2	1.000	0.000	0.000	0.000	0.000	0.000	0.000	1.000	0.000	0.000	0.000	0.000	0.000	1.000	
3	0.000	1.000	0.000	0.000	0.000	0.000	0.000	0.000	1.000	0.000	0.000	0.000	0.000	1.000	
4	0.000	0.000	1.000	0.000	0.000	0.000	0.000	0.000	0.000	1.000	0.000	0.000	0.000	1.000	
5	0.000	0.000	0.000	1.000	0.000	0.000	0.000	0.000	0.000	0.000	1.000	0.000	0.000	1.000	
6	-1.100	0.000	0.000	0.000	0.000	0.000	-0.100	0.000	0.800	0.600	1.400	1.000	1.000	0.800	
7	0.000	0.000	0.000	0.000	0.000	1.000	0.000	0.000	0.000	0.000	0.000	0.000	1.000	1.000	

-------------------------------------------------------------------------------------

Final Tableau (Optimal):
--------------------------------------------------------------------------------
Table	x1	x2	x3	x4	x5	x6	t1	t2	t3	t4	t5	t6	t7	RHS
Z	0.200	0.000	0.000	0.000	0.000	0.000	0.200	0.000	1.400	1.800	2.200	0.000	2.000	15.400	
1	1.100	0.000	0.000	0.000	1.000	0.000	0.100	0.000	-0.800	-0.600	-1.400	0.000	-1.000	0.200	
2	1.000	0.000	0.000	0.000	0.000	0.000	0.000	1.000	0.000	0.000	0.000	0.000	0.000	1.000	
3	0.000	1.000	0.000	0.000	0.000	0.000	0.000	0.000	1.000	0.000	0.000	0.000	0.000	1.000	
4	0.000	0.000	1.000	0.000	0.000	0.000	0.000	0.000	0.000	1.000	0.000	0.000	0.000	1.000	
5	0.000	0.000	0.000	1.000	0.000	0.000	0.000	0.000	0.000	0.000	1.000	0.000	0.000	1.000	
6	-1.100	0.000	0.000	0.000	0.000	0.000	-0.100	0.000	0.800	0.600	1.400	1.000	1.000	0.800	
7	0.000	0.000	0.000	0.000	0.000	1.000	0.000	0.000	0.000	0.000	0.000	0.000	1.000	1.000	

Optimal solution:
Z = 15.400000
x1 = 0.000000
x2 = 1.000000
x3 = 1.000000
x4 = 1.000000
x5 = 0.200000
x6 = 1.000000


-------------------------------------------------------------------------------------

Final Z value: 15.400
Variable Solutions:
x1: 0.000
x2: 1.000
x3: 1.000
x4: 1.000
x5: 0.200
x6: 1.000
